83 99 64 37 47 3 65 91 61 23 52 80 59 69 77 37 43 55 19 78 30 8 86 20 58 2 98 98 75 27 98 6 36 74 32 92 86 37 8 11 52 72 38 80 64 19 49 67 18 83
48 16 23 82 39 18 13 85 90 86 16 34 1 43 19 18 17 4 59 12 89 14 56 79 43 43 87 57 52 14 43 16 50 28 79 77 90 3 75 50 94 10 82 17 51 53 96 67 70 21
84 21 11 87 72 9 23 1 47 79 91 65 6 70 37 81 63 73 14 90 70 59 48 53 66 92 65 79 15 12 24 0 36 96 3 50 11 26 13 78 68 20 66 20 71 77 60 84 5 24
0 12 69 42 68 35 98 86 83 25 84 42 66 1 71 28 65 48 63 93 94 43 97 2 32 83 82 8 56 40 23 65 75 16 20 36 36 24 59 16 28 68 91 69 65 78 85 23 68 64
75 80 2 3 56 51 30 91 23 81 52 25 27 59 84 54 31 85 41 49 74 2 92 35 72 85 61 53 38 11 17 26 7 1 72 38 76 84 88 75 95 46 65 7 75 67 67 62 86 61
94 17 77 80 21 86 11 50 5 37 30 13 75 23 35 25 68 41 42 52 16 96 68 96 86 43 49 37 35 5 77 91 48 60 14 74 64 22 85 95 62 54 5 57 75 30 15 52 59 39
76 61 65 45 3 47 36 80 43 29 12 6 60 5 78 71 40 59 91 14 52 25 75 9 99 34 44 27 75 2 97 9 3 33 45 30 53 51 95 67 76 70 92 41 63 65 26 85 6 60
38 86 82 4 61 49 77 46 55 34 0 50 25 65 15 49 61 95 0 55 46 46 35 26 52 63 98 36 40 14 46 62 9 70 9 60 91 11 61 35 76 44 28 86 0 53 4 65 72 53
78 96 70 51 30 7 83 35 9 29 29 67 95 94 31 59 55 33 22 97 44 50 38 68 48 28 29 0 27 69 70 35 69 62 18 10 72 90 98 1 69 2 77 11 61 31 60 24 86 18
70 85 39 83 22 83 93 17 41 95 38 25 9 57 51 89 7 41 97 95 12 14 52 89 75 6 28 36 37 74 76 49 54 51 68 30 47 68 45 36 60 9 11 52 15 12 3 5 48 46
57 41 39 41 16 47 56 85 80 48 94 68 72 92 91 21 17 42 73 83 41 43 5 26 60 20 72 51 4 2 74 13 12 90 47 46 23 92 95 10 85 16 10 34 37 60 52 57 24 77
42 12 90 56 4 67 95 31 97 38 80 95 77 92 62 60 34 90 63 52 21 8 71 60 6 68 89 56 66 27 3 73 84 44 75 81 58 82 67 58 54 57 6 73 76 9 68 0 49 40
51 39 29 96 3 72 17 71 39 26 96 69 61 83 75 26 79 28 59 34 20 60 98 89 18 52 11 39 40 86 59 24 2 96 68 72 7 59 92 6 95 48 51 97 90 67 0 58 96 21
90 88 81 39 21 65 20 28 87 7 15 26 25 42 90 8 42 75 24 31 54 9 97 12 70 10 82 20 19 65 69 98 20 46 32 89 72 78 40 1 24 68 74 27 66 55 66 43 86 57
19 34 0 57 97 72 70 49 40 76 51 86 98 54 17 11 4 75 35 75 78 26 69 2 47 47 96 34 78 1 57 3 82 93 70 57 76 44 15 44 58 49 69 65 95 24 60 11 57 21
94 88 63 44 7 5 24 12 63 52 62 58 2 8 19 20 43 97 4 26 80 38 32 12 20 51 96 1 37 31 27 11 92 85 69 3 42 46 55 31 92 72 2 34 22 29 12 67 16 14
38 9 62 72 44 69 37 95 9 61 73 82 18 20 9 23 93 99 57 96 30 52 51 82 86 52 48 76 91 93 80 34 83 56 32 36 71 28 79 57 62 80 48 40 47 18 94 21 88 72
64 72 32 54 95 90 22 21 93 87 59 91 24 36 37 64 63 45 57 68 83 26 31 5 81 82 60 47 7 71 84 45 48 32 32 38 17 73 42 25 89 50 39 53 99 61 57 49 94 3
2 42 17 28 9 29 5 79 22 56 67 42 63 23 49 62 8 73 64 46 83 8 55 95 61 55 14 63 0 82 78 31 47 22 72 54 42 48 55 27 34 5 55 13 91 99 82 46 83 57
45 93 51 85 19 44 72 9 29 25 41 13 63 4 58 4 24 89 83 90 88 87 26 13 46 16 42 62 92 50 89 99 35 59 67 33 55 4 8 31 19 64 99 28 36 90 5 88 59 31
81 55 44 18 36 18 17 28 58 99 18 0 42 42 63 71 56 37 24 68 69 68 88 46 56 24 29 50 26 58 70 51 90 87 54 72 90 34 47 12 93 81 29 40 50 96 93 81 80 87
69 31 51 53 34 86 63 29 87 47 7 65 92 9 92 89 66 93 90 38 1 56 26 51 45 40 41 23 80 38 81 35 63 81 11 94 50 29 24 83 62 57 59 34 31 30 25 66 1 10
59 78 39 85 25 26 33 34 24 24 21 0 58 19 89 62 43 19 99 57 91 10 6 45 61 37 31 29 87 14 95 90 12 66 72 74 82 58 93 21 25 47 7 78 70 37 61 3 28 51
19 37 40 69 85 30 55 94 25 95 73 17 3 94 19 29 24 35 37 23 23 14 29 80 31 81 79 75 23 63 79 8 90 13 43 33 94 84 84 69 25 30 7 91 74 29 23 12 29 72
14 97 48 28 57 74 28 27 12 3 41 11 54 84 53 50 12 86 47 67 64 65 94 36 77 75 8 63 96 92 64 62 93 7 83 31 27 94 51 83 37 30 68 98 82 20 68 11 79 60
33 80 27 19 73 77 59 23 60 40 94 70 68 92 94 18 98 27 9 24 87 86 10 3 67 28 28 44 22 80 92 55 35 22 93 19 81 59 81 69 26 89 17 41 39 47 38 78 41 17
1 36 22 70 3 80 35 89 7 56 7 22 8 38 57 94 2 77 47 20 35 82 3 89 1 12 17 73 99 79 1 56 41 62 1 49 84 55 23 34 10 15 33 99 49 86 85 34 66 69
54 7 61 97 95 68 83 90 3 45 98 1 49 37 40 26 6 91 33 37 61 18 79 14 90 6 76 27 24 28 30 18 3 77 71 40 33 43 13 36 25 24 52 71 95 27 17 67 81 74
67 90 29 21 17 65 62 84 54 49 65 28 84 10 62 93 17 25 98 73 56 74 90 64 43 98 84 46 90 14 61 13 4 46 8 12 32 12 2 35 70 48 42 93 33 99 54 35 40 33
89 74 5 96 91 16 73 15 14 38 50 71 11 69 57 44 34 73 0 39 37 14 11 91 15 39 18 34 71 91 50 92 83 71 6 70 27 72 69 3 1 0 89 46 3 59 59 62 18 95
97 29 52 34 47 24 25 62 49 62 46 86 56 22 44 63 88 95 59 5 70 37 41 63 43 91 36 8 92 70 1 35 27 64 95 49 97 53 96 19 44 49 95 3 87 67 27 38 28 32
86 25 78 4 69 39 48 77 2 8 86 93 66 27 14 74 49 42 96 99 27 96 46 93 50 91 9 22 0 36 77 85 25 87 60 15 69 96 16 98 62 61 15 71 62 58 10 88 47 82
34 30 79 32 66 47 93 4 48 16 16 26 50 66 56 56 28 43 82 79 52 0 4 73 25 31 36 9 47 90 52 7 14 41 75 44 90 43 15 36 23 21 59 39 73 95 70 62 94 8
8 92 82 19 95 67 11 75 25 43 33 35 61 76 68 46 28 10 13 29 6 67 86 97 56 12 1 8 36 4 62 18 54 29 91 97 96 40 96 61 69 76 57 81 86 9 8 91 42 13
35 65 7 79 48 56 60 12 74 76 9 35 32 41 5 56 12 49 10 19 50 14 3 96 45 90 74 47 10 73 52 86 12 82 41 46 15 81 7 39 52 48 58 94 96 24 52 24 7 34
70 0 44 14 60 36 59 43 69 85 47 16 26 16 20 89 96 48 50 61 20 21 7 92 6 37 14 92 0 42 90 89 40 59 26 37 55 31 13 8 40 79 61 31 41 15 19 18 62 59
9 88 27 3 63 68 30 8 15 17 72 12 71 46 11 49 24 50 53 21 45 44 59 6 85 20 89 95 9 65 61 97 80 18 93 96 4 11 33 80 93 27 85 92 4 25 68 57 82 62
73 3 82 45 1 32 91 77 61 57 66 6 97 14 55 71 66 48 50 7 12 92 89 82 3 22 84 93 46 80 17 53 20 84 7 21 43 68 80 47 70 32 34 48 19 28 91 59 73 76
74 34 63 16 64 41 5 81 51 16 89 32 7 27 82 40 86 25 61 15 30 58 48 32 30 73 90 53 46 9 79 95 90 53 5 9 40 62 60 17 12 88 75 91 25 60 62 96 94 5
22 7 67 29 82 10 12 59 80 44 61 22 23 21 11 64 59 38 19 35 87 6 93 14 58 61 71 80 56 15 27 17 2 51 86 34 32 65 13 59 62 18 37 18 30 87 42 54 84 71
16 89 99 85 25 6 50 64 58 14 70 85 89 56 58 40 10 51 71 61 6 8 30 17 80 57 96 11 49 61 37 17 38 11 91 81 12 7 68 90 8 95 77 51 72 44 46 88 93 85
7 91 93 4 20 47 0 94 92 80 90 59 37 55 63 43 84 66 78 63 80 22 91 31 60 92 16 43 13 26 54 44 63 2 96 33 43 40 79 19 26 99 0 57 97 25 18 95 65 85
88 88 97 65 89 14 16 20 57 22 92 23 77 96 96 42 42 36 52 99 63 2 87 42 30 91 29 88 91 32 87 88 24 75 39 30 80 20 92 55 63 41 22 61 2 1 81 28 27 57
91 92 22 0 15 68 62 80 24 31 78 90 66 86 43 44 96 9 59 12 14 26 47 15 24 59 41 6 63 19 10 0 87 83 74 53 17 62 55 30 11 90 99 21 69 44 17 87 37 31
82 83 66 8 59 58 13 5 26 16 37 67 73 81 24 57 54 80 50 14 5 19 89 77 62 37 61 64 43 83 85 94 53 73 30 38 89 24 14 84 1 31 32 8 15 3 60 45 10 27
94 30 88 32 35 41 43 37 45 69 91 74 86 81 15 98 55 42 19 62 27 99 86 59 92 71 80 92 36 59 26 28 56 78 36 81 84 21 86 30 90 72 91 66 40 61 82 14 80 6
3 92 75 70 21 92 60 19 68 94 3 48 90 24 88 89 21 62 1 54 72 64 23 67 17 40 84 44 21 64 86 26 75 69 63 54 15 61 1 1 63 1 66 15 34 99 47 67 35 7
85 70 79 35 29 5 11 92 82 57 17 30 16 76 9 35 14 17 82 59 90 44 14 59 52 4 18 37 25 56 98 67 25 99 4 3 0 63 12 33 65 72 96 22 16 14 4 40 57 34
67 26 36 48 83 3 51 11 70 57 49 33 54 95 33 49 16 19 95 15 40 72 30 10 87 41 30 48 75 5 31 74 67 38 82 37 7 52 19 1 75 33 72 37 8 67 48 23 21 97
67 44 62 42 32 46 90 74 43 56 60 98 97 63 44 95 65 88 39 67 57 17 15 55 97 48 30 67 31 21 65 47 71 46 4 65 60 92 62 91 67 16 62 79 27 52 4 81 17 36
